228131600,   8.5,   1443650404,   887250,   48.092247,   -4.644325
228131600,   8.5,   1443650416,   887250,   48.09218,   -4.644965

228131600,   8.7,   1443650425,   887250,   48.09213,   -4.645487
228131600,   8.4,   1443650434,   887250,   48.092106,   -4.64607

228131600,   8.5,   1443650445,   887250,   48.092075,   -4.6467066
228131600,   8.4,   1443650455,   887250,   48.09204,   -4.6472917

228131600,   8.4,   1443650464,   887250,   48.092,   -4.647815
228131600,   8.6,   1443650476,   887249,   48.091953,   -4.6484685

228131600,   8.7,   1443650485,   887249,   48.091915,   -4.648995
228131600,   8.6,   1443650495,   887249,   48.091827,   -4.6495733

228131600,   8.9,   1443650505,   887249,   48.09176,   -4.6502185
228131600,   8.5,   1443650515,   887249,   48.09172,   -4.6508017

228131600,   8.4,   1443650524,   887249,   48.091694,   -4.6513367
228131600,   8.7,   1443650536,   887249,   48.091652,   -4.651975

228131600,   8.8,   1443650545,   887249,   48.09157,   -4.652488
228131600,   8.0,   1443650555,   887249,   48.0915,   -4.653138

228131600,   8.4,   1443650566,   887248,   48.09146,   -4.65373
228131600,   8.4,   1443650574,   887248,   48.091434,   -4.65426

228131600,   8.1,   1443650584,   887248,   48.091385,   -4.654842
228131600,   8.6,   1443650596,   887248,   48.091328,   -4.6554832

228131600,   8.3,   1443650605,   887248,   48.091267,   -4.6560116
228131600,   8.7,   1443650616,   887248,   48.0912,   -4.65665

228131600,   8.7,   1443650625,   887248,   48.091152,   -4.657232
228131600,   8.4,   1443650635,   887248,   48.09112,   -4.657758

228131600,   8.5,   1443650645,   887248,   48.091072,   -4.6583385
228131600,   8.1,   1443650656,   887247,   48.091034,   -4.658975

228131600,   8.6,   1443650666,   887247,   48.090992,   -4.6595535
228131600,   8.7,   1443650676,   887247,   48.090942,   -4.6601367

228131600,   8.3,   1443650685,   887247,   48.090904,   -4.660713
228131600,   8.4,   1443650695,   887247,   48.090878,   -4.661258

228131600,   8.6,   1443650704,   887247,   48.090805,   -4.6618333
228131600,   8.3,   1443650716,   887247,   48.090725,   -4.6624584

228131600,   8.4,   1443650726,   887247,   48.09067,   -4.66304
228131600,   8.4,   1443650736,   887247,   48.09062,   -4.6636133

228131600,   8.4,   1443650745,   887247,   48.090565,   -4.6641884
228131600,   8.7,   1443650754,   887246,   48.090515,   -4.6647015

228131600,   8.9,   1443650764,   887246,   48.09048,   -4.665293
228131600,   8.4,   1443650776,   887246,   48.09042,   -4.665925

228131600,   8.4,   1443650796,   887246,   48.090347,   -4.6670933
228131600,   8.4,   1443650805,   887246,   48.090313,   -4.6676764

228131600,   8.6,   1443650814,   887246,   48.090275,   -4.6682067
228131600,   8.3,   1443650825,   887246,   48.090218,   -4.6687784

228131600,   8.3,   1443650836,   887246,   48.09018,   -4.66943
228131600,   8.8,   1443650846,   887245,   48.090145,   -4.670015

228131600,   8.5,   1443650855,   887245,   48.090103,   -4.6705933
228131600,   8.2,   1443650865,   887245,   48.09005,   -4.67118

228131600,   8.6,   1443650874,   887245,   48.090004,   -4.6717114
228131600,   8.4,   1443650885,   887245,   48.089954,   -4.672362

228131600,   8.1,   1443650896,   887245,   48.089928,   -4.6729383
228131600,   8.6,   1443650906,   887245,   48.089897,   -4.673515

228131600,   8.1,   1443650914,   887245,   48.08985,   -4.674035
228131600,   8.4,   1443650925,   887245,   48.089813,   -4.6746817

228131600,   8.7,   1443650935,   887244,   48.089787,   -4.6751986
228131600,   8.6,   1443650945,   887244,   48.089745,   -4.6758432

228131600,   8.9,   1443650956,   887244,   48.089695,   -4.6764283
228131600,   8.2,   1443650966,   887244,   48.089664,   -4.67702

228131600,   8.2,   1443650974,   887244,   48.089622,   -4.6775484
228131600,   8.4,   1443650984,   887244,   48.08956,   -4.6781282

228131600,   8.7,   1443650995,   887244,   48.089527,   -4.678735
228131600,   8.9,   1443651005,   887244,   48.0895,   -4.6793866

228131600,   8.8,   1443651015,   887244,   48.089462,   -4.679915
228131600,   9.0,   1443651025,   887243,   48.089428,   -4.680575

228131600,   8.9,   1443651034,   887243,   48.089394,   -4.681115
228131600,   8.8,   1443651044,   888909,   48.089363,   -4.68171

228131600,   8.8,   1443651055,   888909,   48.08932,   -4.682308
228131600,   8.7,   1443651065,   888909,   48.08926,   -4.6829534

228131600,   8.8,   1443651075,   888909,   48.08921,   -4.683483
228131600,   8.8,   1443651085,   888909,   48.089165,   -4.684137

228131600,   8.9,   1443651094,   888909,   48.08912,   -4.6846733
228131600,   8.5,   1443651105,   888909,   48.089096,   -4.6852717

228131600,   8.6,   1443651115,   888909,   48.089054,   -4.685867
228131600,   8.6,   1443651125,   888908,   48.08901,   -4.686517

228131600,   8.2,   1443651135,   888908,   48.088955,   -4.687043
228131600,   8.6,   1443651145,   888908,   48.088894,   -4.6876764

228131600,   8.4,   1443651155,   888908,   48.088837,   -4.6882033
228131600,   8.2,   1443651165,   888908,   48.088787,   -4.688793

228037600,   8.9,   1443651160,   867302,   48.15447,   -4.4075685
228037600,   9.2,   1443651170,   867302,   48.154827,   -4.407912

228131600,   8.4,   1443651175,   888908,   48.088757,   -4.68938
228131600,   8.4,   1443651185,   888908,   48.088715,   -4.6900234

228131600,   8.7,   1443651195,   888908,   48.088676,   -4.6905417
228131600,   8.7,   1443651205,   888908,   48.088634,   -4.691185

228131600,   8.6,   1443651215,   888907,   48.088566,   -4.691705
228131600,   8.7,   1443651224,   888907,   48.0885,   -4.6922917

228037600,   9.0,   1443651220,   867301,   48.154613,   -4.4107165
228037600,   8.8,   1443651230,   867301,   48.154274,   -4.4111066

228131600,   8.6,   1443651235,   888907,   48.08844,   -4.6928635
228131600,   8.5,   1443651245,   888907,   48.08838,   -4.6935067

228131600,   8.5,   1443651255,   888907,   48.088326,   -4.694023
228131600,   8.6,   1443651265,   888907,   48.088272,   -4.694675

228131600,   8.4,   1443651275,   888907,   48.088215,   -4.6951933
228131600,   7.9,   1443651284,   888907,   48.08814,   -4.695765

228131600,   8.1,   1443651294,   888907,   48.08805,   -4.6963215
228131600,   8.5,   1443651305,   888906,   48.08795,   -4.696945

227123700,   8.2,   1443650930,   887248,   48.09059,   -4.65736
227123700,   8.1,   1443651308,   888910,   48.088226,   -4.67826

228131600,   8.9,   1443651315,   888906,   48.087868,   -4.6974483
228131600,   8.3,   1443651325,   888906,   48.087753,   -4.698068

228037600,   8.0,   1443651309,   867302,   48.155468,   -4.409593
228037600,   8.3,   1443651340,   867301,   48.15554,   -4.4112

228131600,   8.5,   1443651335,   888906,   48.087666,   -4.698565
228131600,   8.4,   1443651344,   888906,   48.087566,   -4.6991234

228131600,   8.1,   1443651354,   888906,   48.08747,   -4.699703
228131600,   8.4,   1443651365,   888906,   48.08737,   -4.7002583

228131600,   8.1,   1443651375,   888906,   48.08726,   -4.7008634
228131600,   8.3,   1443651385,   888906,   48.087154,   -4.701435

228131600,   8.8,   1443651395,   888906,   48.08705,   -4.70195
228131600,   8.4,   1443651405,   888905,   48.086926,   -4.7025084

228037600,   8.5,   1443651350,   867301,   48.155647,   -4.4117665
228037600,   9.5,   1443651410,   867301,   48.154785,   -4.415312

228131600,   8.3,   1443651414,   888905,   48.086807,   -4.703057
228131600,   8.0,   1443651425,   888905,   48.08671,   -4.70361

228131600,   8.7,   1443651435,   888905,   48.08657,   -4.70421
228131600,   8.6,   1443651445,   888905,   48.08647,   -4.7047133

228131600,   8.9,   1443651455,   888905,   48.08635,   -4.705275
228131600,   8.7,   1443651465,   888905,   48.086212,   -4.7058983

228131600,   8.7,   1443651474,   888905,   48.0861,   -4.7064133
228131600,   8.6,   1443651485,   888905,   48.08597,   -4.7069736

228131600,   8.5,   1443651495,   888904,   48.085854,   -4.707607
228131600,   8.8,   1443651505,   888904,   48.085754,   -4.7081165

228131600,   8.2,   1443651515,   888904,   48.085632,   -4.70868
228131600,   8.4,   1443651525,   888904,   48.085472,   -4.7092714

228131600,   8.4,   1443651535,   888904,   48.085266,   -4.709777
228131600,   8.3,   1443651545,   888904,   48.085087,   -4.710223

228133000,   10.6,   1443651528,   878961,   48.117626,   -4.423237
228133000,   10.6,   1443651547,   878961,   48.117535,   -4.4245534

228037600,   9.4,   1443651428,   867300,   48.154522,   -4.4164934
228037600,   9.3,   1443651550,   867299,   48.153732,   -4.4241567

228131600,   8.7,   1443651556,   888904,   48.084858,   -4.710768
228131600,   8.6,   1443651564,   888904,   48.084667,   -4.7112217

228037600,   9.2,   1443651558,   867299,   48.153854,   -4.4247065
228037600,   9.1,   1443651569,   867299,   48.154095,   -4.425215

228133000,   10.7,   1443651552,   878961,   48.117504,   -4.4249983
228133000,   10.6,   1443651580,   878960,   48.11743,   -4.4269967

228131600,   8.4,   1443651575,   888904,   48.084457,   -4.711735
228131600,   8.6,   1443651585,   888904,   48.084213,   -4.7122817

228037600,   8.9,   1443651579,   867299,   48.154427,   -4.4256835
228037600,   7.7,   1443651590,   867299,   48.154785,   -4.42573

228133000,   10.7,   1443651588,   878960,   48.11739,   -4.427612
228133000,   10.7,   1443651592,   878960,   48.11736,   -4.4279118

228133000,   10.7,   1443651594,   878960,   48.117348,   -4.4280615
228133000,   10.7,   1443651596,   878960,   48.117325,   -4.4282885

228131600,   8.4,   1443651595,   890570,   48.08402,   -4.71277
228131600,   8.6,   1443651605,   890569,   48.08384,   -4.713215

228131600,   8.3,   1443651614,   890569,   48.083645,   -4.7137165
228131600,   8.6,   1443651624,   890569,   48.083443,   -4.7142234

228133000,   10.7,   1443651614,   878960,   48.117233,   -4.429567
228133000,   10.7,   1443651636,   878960,   48.117126,   -4.4312

228133000,   10.6,   1443651642,   878960,   48.11709,   -4.431637
228133000,   10.7,   1443651644,   878960,   48.117065,   -4.431783

228131600,   8.4,   1443651634,   890569,   48.083267,   -4.714665
228131600,   8.6,   1443651645,   890569,   48.083,   -4.715258

228133000,   10.6,   1443651648,   878960,   48.11704,   -4.4320765
228133000,   10.7,   1443651662,   878959,   48.116974,   -4.433182

228131600,   8.4,   1443651655,   890569,   48.082794,   -4.7157617
228131600,   8.6,   1443651665,   890569,   48.08262,   -4.71624

228133000,   10.7,   1443651664,   878959,   48.116966,   -4.433255
228133000,   10.7,   1443651668,   878959,   48.11695,   -4.43355

228133000,   10.7,   1443651676,   878959,   48.11692,   -4.4341383
228133000,   10.7,   1443651680,   878959,   48.116905,   -4.4344316

228133000,   10.7,   1443651682,   878959,   48.116894,   -4.4345765
228133000,   10.7,   1443651684,   878959,   48.116886,   -4.4347234

228131600,   8.4,   1443651674,   890569,   48.082424,   -4.716738
228131600,   8.8,   1443651684,   890569,   48.08226,   -4.71724

228133000,   10.7,   1443651686,   878959,   48.11688,   -4.434873
228133000,   10.7,   1443651696,   878959,   48.116833,   -4.435603

228131600,   8.7,   1443651694,   890569,   48.0821,   -4.7177
228131600,   8.4,   1443651705,   890569,   48.081852,   -4.7183084

228131600,   8.3,   1443651716,   890568,   48.081665,   -4.7188168
228131600,   8.3,   1443651725,   890568,   48.081474,   -4.719265

228131600,   8.5,   1443651734,   890568,   48.08127,   -4.7197666
228131600,   8.5,   1443651745,   890568,   48.081055,   -4.7203135

228131600,   8.5,   1443651754,   890568,   48.080894,   -4.7207117
228131600,   8.5,   1443651765,   890568,   48.08066,   -4.7213235

228131600,   8.5,   1443651776,   890568,   48.080463,   -4.72183
228131600,   8.2,   1443651785,   890568,   48.08029,   -4.7222967

228131600,   8.6,   1443651794,   890568,   48.080086,   -4.7228065
228131600,   8.3,   1443651805,   890568,   48.079853,   -4.723345

228131600,   8.4,   1443651814,   890567,   48.079693,   -4.7237415
228131600,   8.3,   1443651825,   890567,   48.079475,   -4.724273

228133000,   10.7,   1443651719,   878959,   48.11674,   -4.43723
228133000,   10.7,   1443651828,   878957,   48.1162,   -4.4453316

228037600,   8.7,   1443651820,   867301,   48.154526,   -4.4154735
228037600,   9.1,   1443651829,   867301,   48.1542,   -4.415875

228131600,   8.4,   1443651835,   890567,   48.07924,   -4.72481
228131600,   8.6,   1443651844,   890567,   48.07905,   -4.7252617

228037600,   9.5,   1443651840,   867300,   48.153732,   -4.41611
228037600,   9.8,   1443651858,   867300,   48.152935,   -4.4164133

228131600,   8.2,   1443651854,   892233,   48.078835,   -4.7257566
228131600,   8.4,   1443651865,   892233,   48.07862,   -4.7263064

228131600,   8.2,   1443651874,   892233,   48.07846,   -4.726703
228131600,   8.3,   1443651885,   892233,   48.078255,   -4.727265

228133000,   10.7,   1443651849,   878957,   48.1161,   -4.4468083
228133000,   10.7,   1443651888,   878956,   48.115932,   -4.44976

228037600,   9.8,   1443651889,   868966,   48.15159,   -4.4170165
228037600,   9.9,   1443651900,   868966,   48.151127,   -4.41732

228131600,   8.1,   1443651894,   892233,   48.078102,   -4.7277265
228131600,   8.1,   1443651904,   892233,   48.077892,   -4.7282915

228131600,   8.3,   1443651915,   892233,   48.07769,   -4.7287717
228131600,   8.1,   1443651925,   892232,   48.077446,   -4.729295

228133000,   10.7,   1443651908,   878956,   48.11584,   -4.451228
228133000,   10.7,   1443651928,   878956,   48.115746,   -4.452698

228131600,   8.3,   1443651934,   892232,   48.07728,   -4.7296767
228131600,   8.5,   1443651945,   892232,   48.077038,   -4.730205

228037600,   10.0,   1443651940,   868966,   48.149555,   -4.418585
228037600,   10.0,   1443651949,   868966,   48.149147,   -4.4189234

228131600,   8.5,   1443651954,   892232,   48.07683,   -4.730642
228131600,   8.3,   1443651964,   892232,   48.076603,   -4.73117

228133000,   10.6,   1443651948,   878955,   48.115654,   -4.4541683
228133000,   10.7,   1443651968,   880621,   48.11556,   -4.4556384

228131600,   8.6,   1443651975,   892232,   48.076397,   -4.731672
228131600,   8.6,   1443651985,   892232,   48.076187,   -4.73222

227123700,   8.2,   1443651950,   890569,   48.08391,   -4.713402
227123700,   8.3,   1443651998,   890569,   48.083313,   -4.7160735

228133000,   10.7,   1443651979,   880621,   48.11551,   -4.4564486
228133000,   10.7,   1443651998,   880621,   48.11544,   -4.4578433

228037600,   9.9,   1443651980,   868966,   48.14797,   -4.419995
228037600,   9.8,   1443652000,   868966,   48.147247,   -4.4208264

228131600,   7.8,   1443651994,   892232,   48.07604,   -4.7326217
228131600,   8.4,   1443652005,   892232,   48.07583,   -4.7331767

228131600,   8.6,   1443652014,   892232,   48.075645,   -4.733625
228131600,   8.6,   1443652024,   892232,   48.07542,   -4.7341685

228037600,   10.0,   1443652020,   870631,   48.1466,   -4.421895
228037600,   10.0,   1443652039,   870631,   48.14596,   -4.4227815

228131600,   8.8,   1443652035,   892231,   48.075222,   -4.7346582
228131600,   8.6,   1443652044,   892231,   48.075012,   -4.73509

227123700,   8.3,   1443652010,   890569,   48.083183,   -4.7166715
227123700,   8.3,   1443652050,   890568,   48.08271,   -4.7188582

228133000,   10.7,   1443652028,   880620,   48.11529,   -4.460045
228133000,   10.7,   1443652058,   880620,   48.11516,   -4.4622416

228037600,   10.0,   1443652049,   870631,   48.145634,   -4.4231715
228037600,   9.9,   1443652060,   870631,   48.14526,   -4.423683

228131600,   8.9,   1443652055,   892231,   48.074764,   -4.735675
228131600,   8.6,   1443652065,   892231,   48.07457,   -4.736087

228037600,   10.0,   1443652069,   870631,   48.144966,   -4.424122
228037600,   10.0,   1443652081,   870631,   48.144592,   -4.4247384

228131600,   8.0,   1443652074,   892231,   48.07435,   -4.736503
228131600,   8.3,   1443652084,   892231,   48.0741,   -4.7370033

228037600,   10.0,   1443652090,   870631,   48.144352,   -4.42516
228037600,   10.0,   1443652099,   870631,   48.14402,   -4.4257336

228131600,   8.2,   1443652095,   892231,   48.07386,   -4.737465
228131600,   8.8,   1443652104,   892231,   48.073658,   -4.7378983

228037600,   10.0,   1443652109,   870631,   48.143726,   -4.42618
228037600,   10.1,   1443652118,   870631,   48.143364,   -4.426618

228131600,   8.4,   1443652115,   893897,   48.07338,   -4.7384367
228131600,   8.1,   1443652125,   893897,   48.07318,   -4.738857

228133000,   10.6,   1443652068,   880620,   48.115116,   -4.4629717
228133000,   10.6,   1443652128,   880619,   48.114796,   -4.46739

228037600,   10.0,   1443652129,   870630,   48.143013,   -4.427065
228037600,   10.0,   1443652140,   870630,   48.142612,   -4.427635

228131600,   8.0,   1443652134,   893897,   48.07298,   -4.739277
228131600,   7.8,   1443652144,   893897,   48.07276,   -4.7397885

228131600,   8.6,   1443652155,   893896,   48.072525,   -4.7402515
228131600,   8.4,   1443652164,   893896,   48.07231,   -4.74066

228037600,   10.0,   1443652149,   870630,   48.14234,   -4.42801
228037600,   10.0,   1443652169,   872296,   48.141754,   -4.4290466

228131600,   8.0,   1443652175,   893896,   48.072025,   -4.741192
228131600,   8.2,   1443652185,   893896,   48.071835,   -4.7416167

228037600,   10.0,   1443652178,   872296,   48.141426,   -4.4295735
228037600,   10.1,   1443652189,   872296,   48.141113,   -4.430075

228131600,   8.3,   1443652194,   893896,   48.07165,   -4.7420483
228131600,   8.2,   1443652204,   893896,   48.071415,   -4.7425733

228037600,   10.1,   1443652200,   872296,   48.140694,   -4.43063
228037600,   10.0,   1443652209,   872296,   48.14042,   -4.43099

228131600,   8.4,   1443652215,   893896,   48.071186,   -4.7430334
228131600,   8.0,   1443652224,   893896,   48.070988,   -4.743455

228037600,   9.9,   1443652230,   872296,   48.139767,   -4.4320583
228037600,   10.0,   1443652238,   872295,   48.1395,   -4.432545

228131600,   8.7,   1443652235,   893896,   48.07072,   -4.7440286
228131600,   8.4,   1443652245,   893896,   48.070534,   -4.7444615

228037600,   10.0,   1443652249,   872295,   48.139194,   -4.433067
228037600,   10.0,   1443652260,   872295,   48.138805,   -4.4336534

228131600,   8.5,   1443652254,   893896,   48.07033,   -4.7448616
228131600,   8.4,   1443652265,   893895,   48.070072,   -4.7453666

228037600,   9.9,   1443652269,   872295,   48.13851,   -4.4340014
228037600,   9.9,   1443652279,   872295,   48.13816,   -4.434533

228131600,   8.2,   1443652275,   893895,   48.069836,   -4.745815
228131600,   8.2,   1443652284,   893895,   48.069607,   -4.746198

228037600,   10.0,   1443652290,   872295,   48.13782,   -4.434995
228037600,   9.8,   1443652298,   872295,   48.1375,   -4.435375

228131600,   8.7,   1443652295,   893895,   48.06931,   -4.7467318
228131600,   8.5,   1443652304,   893895,   48.069088,   -4.747132

228037600,   10.0,   1443652309,   872295,   48.137173,   -4.4358616
228037600,   10.0,   1443652321,   872295,   48.13677,   -4.43643

228131600,   8.6,   1443652315,   893895,   48.068825,   -4.7475667
228131600,   8.2,   1443652326,   893895,   48.06856,   -4.7480536

228037600,   9.9,   1443652329,   873961,   48.13653,   -4.4368515
228037600,   9.9,   1443652340,   873961,   48.13624,   -4.43747

228131600,   8.4,   1443652335,   895561,   48.06832,   -4.7484965
228131600,   8.5,   1443652344,   895561,   48.068115,   -4.74885

228131600,   9.0,   1443652355,   895561,   48.067825,   -4.7493834
228131600,   8.0,   1443652364,   895561,   48.0676,   -4.7497816

228133000,   10.8,   1443652148,   880619,   48.114727,   -4.4688683
228133000,   10.8,   1443652368,   880616,   48.113846,   -4.4851184

228131600,   8.4,   1443652375,   895561,   48.067345,   -4.750223
228131600,   8.6,   1443652386,   895561,   48.067074,   -4.750705

228037600,   10.0,   1443652350,   873960,   48.135983,   -4.4380565
228037600,   10.2,   1443652389,   873960,   48.13523,   -4.4405417

228131600,   8.6,   1443652395,   895560,   48.066814,   -4.7511334
228131600,   8.6,   1443652405,   895560,   48.066616,   -4.7514815

228133000,   10.7,   1443652399,   880615,   48.113873,   -4.4874134
228133000,   10.7,   1443652409,   880615,   48.11388,   -4.488148

228131600,   8.4,   1443652415,   895560,   48.06634,   -4.7519684
228131600,   9.1,   1443652424,   895560,   48.066086,   -4.752425

228037600,   10.1,   1443652399,   873960,   48.1351,   -4.4412966
228037600,   10.2,   1443652429,   873959,   48.134613,   -4.4431868

228157000,   8.0,   1443652429,   883978,   48.10034,   -4.3193183
228157000,   7.4,   1443652439,   883978,   48.100014,   -4.319492

228131600,   9.0,   1443652435,   895560,   48.065834,   -4.752868
228131600,   8.6,   1443652446,   895560,   48.06556,   -4.7533417

228131600,   8.4,   1443652455,   895560,   48.065304,   -4.753763
228131600,   8.2,   1443652465,   895560,   48.065094,   -4.7540965

228157000,   6.4,   1443652459,   885644,   48.0995,   -4.319915
228157000,   6.1,   1443652470,   885644,   48.0993,   -4.320195

228037600,   10.0,   1443652459,   873959,   48.133873,   -4.4449835
228037600,   10.1,   1443652479,   873959,   48.133396,   -4.4460883

228131600,   8.7,   1443652475,   895560,   48.0648,   -4.75457
228131600,   8.4,   1443652485,   895560,   48.06454,   -4.755007

228157000,   5.8,   1443652480,   885644,   48.09915,   -4.32052
228157000,   5.6,   1443652489,   885644,   48.099064,   -4.320882

228037600,   10.0,   1443652489,   873959,   48.13306,   -4.4466534
228037600,   10.0,   1443652500,   873959,   48.1327,   -4.447193

228131600,   8.2,   1443652495,   895560,   48.064293,   -4.7554564
228131600,   7.9,   1443652506,   895560,   48.064026,   -4.755962

228131600,   8.2,   1443652515,   895559,   48.063774,   -4.756407
228131600,   8.4,   1443652524,   895559,   48.06358,   -4.756757

228131600,   8.2,   1443652535,   895559,   48.06328,   -4.757185
228131600,   8.1,   1443652544,   897225,   48.062977,   -4.7575336

228131600,   8.6,   1443652555,   897225,   48.06266,   -4.757865
228131600,   8.5,   1443652566,   897225,   48.062313,   -4.758215

228131600,   8.3,   1443652575,   897225,   48.061993,   -4.75855
228131600,   8.4,   1443652584,   897225,   48.061737,   -4.75882

228131600,   8.5,   1443652595,   897225,   48.06138,   -4.7591934
228131600,   9.0,   1443652605,   897225,   48.061073,   -4.759525

228037600,   10.1,   1443652599,   875624,   48.13059,   -4.45314
228037600,   10.0,   1443652609,   875624,   48.130207,   -4.4536486

228131600,   8.6,   1443652615,   897225,   48.060764,   -4.7598286
228131600,   8.6,   1443652626,   897225,   48.060413,   -4.7602

228037600,   10.0,   1443652621,   875623,   48.12976,   -4.453995
228037600,   9.9,   1443652628,   875623,   48.129425,   -4.454185

228131600,   8.5,   1443652635,   897225,   48.060093,   -4.7605467
228131600,   8.9,   1443652644,   897225,   48.059845,   -4.76082

228131600,   8.1,   1443652655,   897225,   48.059486,   -4.7612185
228131600,   8.3,   1443652664,   897225,   48.05916,   -4.7615266

228131600,   8.4,   1443652674,   897224,   48.058807,   -4.761825
228131600,   8.7,   1443652685,   897224,   48.058456,   -4.7621083

228131600,   8.5,   1443652695,   897224,   48.058075,   -4.7623935
228131600,   8.0,   1443652705,   898890,   48.057724,   -4.76263

228131600,   7.7,   1443652715,   898890,   48.05742,   -4.76285
228131600,   8.6,   1443652724,   898890,   48.05707,   -4.763105

228131600,   8.2,   1443652734,   898890,   48.05672,   -4.7633667
228131600,   8.0,   1443652745,   898890,   48.05637,   -4.76361

228131600,   8.6,   1443652754,   898890,   48.056057,   -4.763837
228131600,   8.2,   1443652765,   898890,   48.055653,   -4.7641416

228131600,   8.8,   1443652775,   898890,   48.055347,   -4.7643485
228131600,   8.0,   1443652784,   898890,   48.055008,   -4.7645984

228131600,   7.9,   1443652794,   898890,   48.054657,   -4.7648635
228131600,   8.1,   1443652805,   898890,   48.054314,   -4.7651315

228133000,   11.1,   1443652768,   880610,   48.114548,   -4.5150933
228133000,   11.1,   1443652809,   880610,   48.114746,   -4.5182185

228131600,   8.8,   1443652814,   898890,   48.054005,   -4.7653565
228131600,   8.2,   1443652825,   898890,   48.05356,   -4.765585

228131600,   8.2,   1443652844,   898890,   48.05287,   -4.765907
228131600,   8.6,   1443652855,   900556,   48.05252,   -4.76606

227123700,   8.3,   1443652060,   890568,   48.082596,   -4.7194033
227123700,   7.9,   1443652858,   895560,   48.06434,   -4.75397

228131600,   8.1,   1443652865,   900556,   48.05216,   -4.766208
228131600,   8.2,   1443652874,   900556,   48.051815,   -4.7663684

228133000,   10.9,   1443652849,   880609,   48.114994,   -4.5212383
228133000,   10.9,   1443652880,   880609,   48.115192,   -4.52349

228131600,   8.7,   1443652894,   900556,   48.05106,   -4.766667
228131600,   8.0,   1443652904,   900556,   48.05071,   -4.766812

228131600,   8.0,   1443652915,   900555,   48.05036,   -4.7669635
228131600,   8.0,   1443652925,   900555,   48.050007,   -4.767122

228131600,   8.1,   1443652945,   900555,   48.049248,   -4.7674565
228131600,   8.4,   1443652954,   900555,   48.04892,   -4.7676067

228131600,   8.0,   1443652965,   900555,   48.048553,   -4.767775
228131600,   8.2,   1443652975,   900555,   48.048195,   -4.767938

228131600,   7.7,   1443652985,   900555,   48.047825,   -4.768105
228131600,   8.7,   1443652994,   900555,   48.04751,   -4.7682366

228131600,   8.0,   1443653014,   902221,   48.04678,   -4.7685833
228131600,   8.0,   1443653025,   902221,   48.046425,   -4.76874

228131600,   7.5,   1443653034,   902221,   48.046074,   -4.7689266
228131600,   8.3,   1443653045,   902221,   48.045685,   -4.7691016

228131600,   8.1,   1443653064,   902221,   48.045048,   -4.769397
228131600,   7.4,   1443653074,   902221,   48.044655,   -4.769572

228131600,   7.8,   1443653085,   902221,   48.044304,   -4.7697215
228131600,   8.0,   1443653094,   902221,   48.04394,   -4.7698917

228037700,   8.5,   1443653161,   863961,   48.165546,   -4.458215
228037700,   8.6,   1443653171,   863961,   48.16519,   -4.458502

228131600,   8.2,   1443653165,   903887,   48.041378,   -4.770815
228131600,   8.2,   1443653174,   903887,   48.041054,   -4.770905

228037700,   8.6,   1443653181,   863961,   48.164852,   -4.458783
228037700,   8.7,   1443653191,   863961,   48.164513,   -4.4590883

228037700,   8.8,   1443653201,   863960,   48.16418,   -4.4594016
228037700,   8.1,   1443653221,   863960,   48.16354,   -4.460015

228037700,   8.0,   1443653231,   863960,   48.163227,   -4.4603233
228037700,   8.0,   1443653241,   863960,   48.16292,   -4.46061

228037700,   7.9,   1443653252,   865626,   48.16259,   -4.4609265
228037700,   7.9,   1443653261,   865626,   48.16232,   -4.461203

228037700,   7.6,   1443653281,   865626,   48.161854,   -4.46198
228037700,   8.0,   1443653302,   865626,   48.16157,   -4.4630466

228133000,   10.8,   1443653299,   878937,   48.115746,   -4.5537767
228133000,   10.7,   1443653338,   880602,   48.115482,   -4.5566382

228037700,   9.3,   1443653362,   865625,   48.161407,   -4.4664383
228037700,   9.6,   1443653372,   865625,   48.161526,   -4.467077

228037700,   9.7,   1443653380,   865625,   48.1616,   -4.467603
228037700,   9.6,   1443653391,   865625,   48.161602,   -4.4683332

228037700,   9.5,   1443653402,   865625,   48.161545,   -4.468983
228037700,   9.4,   1443653411,   865625,   48.161533,   -4.469627

228037700,   9.4,   1443653422,   865624,   48.16158,   -4.47034
228037700,   9.5,   1443653432,   865624,   48.161674,   -4.4709783

228037700,   9.5,   1443653440,   865624,   48.16177,   -4.471492
228037700,   9.4,   1443653451,   865624,   48.16195,   -4.4721785

228037700,   9.6,   1443653462,   865624,   48.162193,   -4.472813
228037700,   9.5,   1443653471,   865624,   48.162487,   -4.4732265

228037700,   9.4,   1443653482,   863958,   48.1629,   -4.473602
228037700,   9.6,   1443653492,   863958,   48.16329,   -4.4739017

228037700,   9.5,   1443653500,   863958,   48.163597,   -4.474157
228037700,   9.5,   1443653511,   863958,   48.16402,   -4.474468

228133000,   10.7,   1443653388,   880602,   48.115147,   -4.5602884
228133000,   10.5,   1443653528,   880600,   48.11436,   -4.570475

228037700,   9.5,   1443653522,   863958,   48.164467,   -4.474755
228037700,   9.6,   1443653531,   863958,   48.16484,   -4.474972

228037700,   9.5,   1443653542,   863958,   48.165306,   -4.475215
228037700,   9.5,   1443653551,   863957,   48.165718,   -4.4753785

228037700,   9.5,   1443653560,   863957,   48.166115,   -4.4755216
228037700,   9.4,   1443653571,   863957,   48.166607,   -4.4756265

228133000,   10.7,   1443653568,   880599,   48.114254,   -4.5734982
228133000,   10.8,   1443653577,   880599,   48.114227,   -4.574167

228133000,   10.7,   1443653599,   880599,   48.114155,   -4.5757217
228133000,   10.7,   1443653628,   880599,   48.11404,   -4.5779233

228133000,   10.7,   1443653637,   880598,   48.114,   -4.578585
228133000,   10.8,   1443653648,   880598,   48.113983,   -4.579332

228037700,   9.2,   1443653642,   862292,   48.169483,   -4.4748015
228037700,   9.4,   1443653650,   862292,   48.169853,   -4.474877

228133000,   10.6,   1443653659,   880598,   48.113934,   -4.580137
228133000,   10.5,   1443653679,   880598,   48.11382,   -4.5815816

228133000,   10.6,   1443653739,   880597,   48.1136,   -4.585932
228133000,   10.6,   1443653748,   880597,   48.113567,   -4.5866566

228133000,   10.4,   1443653758,   880597,   48.11352,   -4.5872984
228133000,   10.6,   1443653778,   880596,   48.113472,   -4.5887465

228133000,   10.6,   1443653817,   880596,   48.113373,   -4.5916667
228133000,   10.6,   1443653828,   880596,   48.113358,   -4.5923934

228133000,   10.7,   1443653859,   880595,   48.113274,   -4.5946684
228133000,   10.6,   1443653868,   880595,   48.113243,   -4.5953283

228133000,   10.5,   1443653878,   880595,   48.113174,   -4.596122
228133000,   10.6,   1443653888,   880595,   48.113167,   -4.596783

228133000,   10.8,   1443653898,   880595,   48.11317,   -4.5975285
228133000,   10.7,   1443653907,   880595,   48.113113,   -4.598252

228133000,   10.7,   1443653928,   880594,   48.113068,   -4.5997186
228133000,   10.7,   1443653938,   880594,   48.113037,   -4.6005335

228133000,   10.6,   1443653948,   880594,   48.113003,   -4.6011934
228133000,   10.5,   1443653958,   880594,   48.11297,   -4.601915

228133000,   10.5,   1443653967,   880594,   48.11293,   -4.6026316
228133000,   10.6,   1443653988,   880594,   48.112865,   -4.60408

228133000,   10.6,   1443653999,   880594,   48.112846,   -4.60488
228133000,   10.5,   1443654008,   880593,   48.11281,   -4.605525

228133000,   10.5,   1443654018,   880593,   48.112778,   -4.60625
228133000,   10.5,   1443654028,   880593,   48.112766,   -4.6069818

228133000,   10.6,   1443654039,   880593,   48.112755,   -4.607798
228133000,   10.6,   1443654048,   880593,   48.112736,   -4.6084533

228133000,   10.6,   1443654059,   880593,   48.112694,   -4.60925
228133000,   10.5,   1443654088,   880592,   48.11265,   -4.61135

228133000,   10.4,   1443654100,   880592,   48.11261,   -4.6121316
228133000,   10.6,   1443654108,   880592,   48.112595,   -4.61279

228133000,   10.6,   1443654119,   880592,   48.112583,   -4.6135964
228133000,   10.6,   1443654128,   880592,   48.11253,   -4.6142483

228133000,   10.6,   1443654139,   880592,   48.11248,   -4.6150584
228133000,   10.4,   1443654147,   880592,   48.112427,   -4.615695

228133000,   10.2,   1443654160,   880591,   48.112385,   -4.61647
228133000,   10.3,   1443654168,   880591,   48.11234,   -4.61711

228133000,   10.5,   1443654179,   880591,   48.11232,   -4.6179085
228133000,   10.5,   1443654188,   880591,   48.11228,   -4.618632

228133000,   10.7,   1443654199,   880591,   48.11228,   -4.619375
228133000,   10.8,   1443654208,   880591,   48.112267,   -4.620042

228133000,   10.7,   1443654219,   880591,   48.112206,   -4.6208467
228133000,   10.5,   1443654228,   880590,   48.11214,   -4.6214867

228133000,   9.9,   1443654259,   880590,   48.111546,   -4.6233516
228133000,   10.1,   1443654279,   880590,   48.110874,   -4.624305

228133000,   10.1,   1443654287,   880590,   48.11054,   -4.624698
228133000,   10.1,   1443654298,   882256,   48.11018,   -4.6252484

228133000,   10.1,   1443654309,   882256,   48.109825,   -4.6257067
228133000,   10.0,   1443654319,   882256,   48.109455,   -4.626138

228133000,   10.1,   1443654328,   882255,   48.10922,   -4.626682
228133000,   10.2,   1443654340,   882255,   48.108932,   -4.6273217

228133000,   10.1,   1443654347,   882255,   48.108654,   -4.6277833
228133000,   9.7,   1443654359,   882255,   48.10832,   -4.6283236

228133000,   10.2,   1443654379,   882255,   48.107796,   -4.6295066
228133000,   10.2,   1443654388,   882255,   48.107574,   -4.6300435

228133000,   9.8,   1443654397,   882255,   48.107536,   -4.6306515
228133000,   9.8,   1443654408,   882255,   48.107452,   -4.6313868

228133000,   9.9,   1443654419,   882254,   48.10728,   -4.632098
228133000,   9.8,   1443654429,   882254,   48.1073,   -4.6327734

228133000,   10.0,   1443654437,   882254,   48.10734,   -4.6333966
228133000,   10.0,   1443654448,   882254,   48.107246,   -4.6340785

228133000,   10.1,   1443654457,   882254,   48.107197,   -4.6347
228133000,   10.2,   1443654468,   882254,   48.10716,   -4.6354785

228133000,   10.3,   1443654479,   882254,   48.10719,   -4.6362667
228133000,   10.3,   1443654489,   882254,   48.107193,   -4.63698

228133000,   10.3,   1443654497,   882253,   48.107193,   -4.637622
228133000,   10.5,   1443654508,   882253,   48.10721,   -4.63835

228133000,   10.4,   1443654517,   882253,   48.107193,   -4.638995
228133000,   10.4,   1443654527,   882253,   48.107174,   -4.639778

228133000,   10.2,   1443654539,   882253,   48.10716,   -4.640555
228133000,   10.2,   1443654549,   882253,   48.107105,   -4.64125

228133000,   10.4,   1443654558,   882253,   48.107002,   -4.64188
228133000,   10.5,   1443654568,   882253,   48.106926,   -4.6426015

228133000,   10.4,   1443654577,   882252,   48.10686,   -4.643235
228133000,   10.2,   1443654587,   882252,   48.10676,   -4.643995

228133000,   10.0,   1443654599,   882252,   48.106667,   -4.644745
228133000,   10.1,   1443654609,   882252,   48.10658,   -4.6454268

228133000,   10.1,   1443654618,   882252,   48.10652,   -4.646052
228133000,   10.0,   1443654628,   882252,   48.106487,   -4.6467433

228133000,   10.1,   1443654648,   882251,   48.106426,   -4.648132
228133000,   10.2,   1443654659,   882251,   48.106373,   -4.648905

228037700,   9.4,   1443654642,   860635,   48.17642,   -4.4219
228037700,   9.4,   1443654661,   860635,   48.17722,   -4.4221683

228133000,   10.3,   1443654669,   882251,   48.10635,   -4.649615
228133000,   10.3,   1443654678,   882251,   48.10635,   -4.65025

228037700,   9.5,   1443654670,   860635,   48.17761,   -4.4222765
228037700,   9.5,   1443654682,   860635,   48.178135,   -4.4224534

228133000,   10.2,   1443654689,   882251,   48.106308,   -4.6509533
228133000,   10.2,   1443654697,   882251,   48.106285,   -4.6516485

228037700,   9.5,   1443654690,   860635,   48.1785,   -4.422583
228037700,   9.5,   1443654702,   858969,   48.17898,   -4.4227233

228133000,   10.1,   1443654708,   882251,   48.10623,   -4.652345
228133000,   10.4,   1443654719,   882251,   48.10618,   -4.653135

228037700,   9.4,   1443654712,   858969,   48.179424,   -4.42287
228037700,   9.6,   1443654721,   858969,   48.1798,   -4.4230185

228133000,   10.5,   1443654729,   882250,   48.10616,   -4.6538615
228133000,   10.2,   1443654739,   882250,   48.106087,   -4.6545434

228037700,   9.5,   1443654730,   858969,   48.180195,   -4.42315
228037700,   9.4,   1443654742,   858969,   48.18073,   -4.4233265

228133000,   10.0,   1443654748,   882250,   48.106052,   -4.65523
228133000,   10.2,   1443654759,   882250,   48.106056,   -4.6559334

228037700,   9.5,   1443654750,   858969,   48.18112,   -4.423478
228037700,   9.4,   1443654761,   858969,   48.181545,   -4.4236083

228133000,   10.1,   1443654768,   882250,   48.10602,   -4.6565566
228133000,   10.2,   1443654779,   882250,   48.105988,   -4.657325

228133000,   10.2,   1443654789,   882250,   48.105988,   -4.658035
228133000,   10.1,   1443654799,   882250,   48.105934,   -4.6587267

228133000,   10.3,   1443654808,   882249,   48.105896,   -4.6594415
228133000,   10.2,   1443654819,   882249,   48.105846,   -4.660148

228133000,   10.3,   1443654828,   882249,   48.1058,   -4.660792
228133000,   10.3,   1443654839,   882249,   48.105747,   -4.6615767

228133000,   10.2,   1443654849,   882249,   48.105682,   -4.662268
228133000,   10.2,   1443654859,   882249,   48.10569,   -4.662968

228133000,   10.3,   1443654868,   882249,   48.10568,   -4.663675
228133000,   10.3,   1443654879,   882248,   48.105656,   -4.66438

228133000,   10.2,   1443654888,   882248,   48.10561,   -4.6650085
228133000,   10.1,   1443654899,   882248,   48.10558,   -4.6657734

228133000,   10.2,   1443654908,   882248,   48.1056,   -4.6664085
228133000,   10.0,   1443654919,   882248,   48.105545,   -4.6671667

228133000,   10.1,   1443654928,   882248,   48.105526,   -4.66779
228133000,   10.1,   1443654939,   882248,   48.10552,   -4.6685567

228133000,   10.1,   1443654949,   882248,   48.105488,   -4.6692514
228133000,   10.3,   1443654959,   882247,   48.105488,   -4.6699615

228133000,   10.3,   1443654968,   882247,   48.1055,   -4.670595
228133000,   10.3,   1443654979,   882247,   48.105453,   -4.671378

228133000,   10.3,   1443654999,   882247,   48.105434,   -4.672798
228133000,   10.1,   1443655019,   882247,   48.105335,   -4.674198

228133000,   10.2,   1443655028,   882247,   48.10531,   -4.674835
228133000,   10.3,   1443655038,   882246,   48.10532,   -4.675545

228133000,   10.4,   1443655048,   882246,   48.105335,   -4.6763434
228133000,   10.5,   1443655059,   882246,   48.10532,   -4.677067

228133000,   10.3,   1443655069,   882246,   48.105347,   -4.6777816
228133000,   10.1,   1443655079,   882246,   48.105347,   -4.678477

228133000,   10.3,   1443655088,   882246,   48.105377,   -4.67911
228133000,   10.4,   1443655098,   882246,   48.10541,   -4.679825

228037700,   4.2,   1443655052,   855638,   48.1902,   -4.4163866
228037700,   3.9,   1443655071,   855638,   48.190132,   -4.4168634
228037700,   4.7,   1443655091,   855638,   48.19015,   -4.4174733
228037700,   5.3,   1443655101,   855638,   48.189957,   -4.417753

228133000,   10.2,   1443655109,   882245,   48.105385,   -4.6806
228133000,   10.2,   1443655119,   882245,   48.10541,   -4.6813035

228133000,   10.0,   1443655139,   882245,   48.10543,   -4.6826982
228133000,   10.3,   1443655148,   882245,   48.105446,   -4.6833367

228133000,   10.4,   1443655158,   882245,   48.105453,   -4.6840534
228133000,   10.5,   1443655169,   882245,   48.105476,   -4.6848516

228133000,   10.4,   1443655179,   882245,   48.10548,   -4.685573
228133000,   10.4,   1443655199,   882244,   48.105488,   -4.6869917

228133000,   10.5,   1443655208,   882244,   48.105473,   -4.687645
228133000,   10.4,   1443655218,   882244,   48.105476,   -4.6883616

228133000,   10.5,   1443655229,   882244,   48.105515,   -4.68916
228133000,   10.6,   1443655239,   882244,   48.105553,   -4.689885

228133000,   10.4,   1443655248,   882244,   48.105587,   -4.6905284
228133000,   10.5,   1443655259,   882243,   48.10562,   -4.691332

228133000,   10.6,   1443655268,   882243,   48.105625,   -4.691985
228133000,   10.3,   1443655278,   882243,   48.105637,   -4.692692

228133000,   10.4,   1443655289,   882243,   48.10569,   -4.6934767
228133000,   10.6,   1443655299,   882243,   48.105766,   -4.694205

228037700,   4.5,   1443655281,   855638,   48.189823,   -4.41618
228037700,   5.2,   1443655312,   855638,   48.1898,   -4.4170732

228133000,   10.6,   1443655308,   882243,   48.105827,   -4.694862
228133000,   10.3,   1443655319,   882243,   48.105843,   -4.6956434

228133000,   10.4,   1443655328,   882243,   48.10589,   -4.6962833
228133000,   10.6,   1443655338,   882242,   48.105965,   -4.697008

228133000,   10.6,   1443655349,   882242,   48.105995,   -4.6978083
228133000,   10.6,   1443655368,   882242,   48.1061,   -4.6991982

228133000,   10.7,   1443655379,   882242,   48.106113,   -4.700005
228133000,   10.4,   1443655389,   882242,   48.106148,   -4.70072

228133000,   10.4,   1443655399,   882242,   48.106167,   -4.7013583
228133000,   10.6,   1443655409,   882241,   48.106228,   -4.7021585

228133000,   10.6,   1443655419,   882241,   48.106255,   -4.70288
228133000,   10.4,   1443655439,   882241,   48.106373,   -4.704322

228133000,   10.4,   1443655449,   882241,   48.10639,   -4.705042
228133000,   10.4,   1443655458,   882241,   48.106415,   -4.705765

228133000,   10.5,   1443655469,   882241,   48.10644,   -4.7064867
228133000,   10.5,   1443655479,   882241,   48.106487,   -4.707215

228133000,   10.3,   1443655489,   882240,   48.1065,   -4.7078586
228133000,   10.5,   1443655499,   882240,   48.10653,   -4.708647

228133000,   10.6,   1443655509,   882240,   48.106518,   -4.7093782
228133000,   10.7,   1443655518,   882240,   48.10651,   -4.71004

228133000,   10.4,   1443655529,   882240,   48.106514,   -4.710835
228133000,   10.4,   1443655539,   882240,   48.1065,   -4.711547

228133000,   10.4,   1443655549,   882240,   48.106503,   -4.71219
228133000,   10.3,   1443655559,   882239,   48.106495,   -4.7129717

228133000,   10.3,   1443655569,   882239,   48.106464,   -4.7136784
228133000,   10.3,   1443655579,   882239,   48.106472,   -4.7143183

228133000,   10.3,   1443655589,   882239,   48.106457,   -4.7150965
228133000,   10.5,   1443655597,   882239,   48.10648,   -4.71575

228037700,   9.0,   1443655591,   855640,   48.192287,   -4.4059014
228037700,   9.0,   1443655601,   855640,   48.192688,   -4.405988

228133000,   10.5,   1443655609,   882239,   48.106487,   -4.716467
228133000,   10.3,   1443655619,   882239,   48.1065,   -4.71725

228037700,   8.9,   1443655612,   855640,   48.193096,   -4.4060435
228037700,   9.0,   1443655620,   855640,   48.193424,   -4.4060736

228133000,   10.3,   1443655629,   882239,   48.106495,   -4.717963
228133000,   10.4,   1443655638,   882238,   48.10648,   -4.718672

228133000,   10.5,   1443655649,   882238,   48.10652,   -4.7194
228133000,   10.3,   1443655657,   882238,   48.106487,   -4.720043

228133000,   10.2,   1443655668,   882238,   48.10648,   -4.7208133
228133000,   10.3,   1443655679,   882238,   48.106506,   -4.7215185

228037700,   8.6,   1443655672,   853974,   48.1953,   -4.40545
228037700,   7.9,   1443655680,   853974,   48.19557,   -4.40559

228133000,   10.4,   1443655689,   882238,   48.106487,   -4.7222385
228133000,   10.4,   1443655698,   882238,   48.106453,   -4.7229567

228133000,   10.3,   1443655717,   882237,   48.106457,   -4.724245
228133000,   10.3,   1443655728,   882237,   48.10646,   -4.7250233

228133000,   10.4,   1443655739,   882237,   48.106472,   -4.725808
228133000,   10.4,   1443655747,   882237,   48.10647,   -4.726442

228037600,   9.4,   1443655740,   863987,   48.16718,   -4.318412
228037600,   9.4,   1443655750,   863987,   48.16756,   -4.3187065

228133000,   10.5,   1443655758,   882237,   48.106472,   -4.727165
228133000,   10.6,   1443655769,   882237,   48.10646,   -4.727965

228037600,   9.4,   1443655760,   863986,   48.167934,   -4.3190064
228037600,   9.3,   1443655769,   862320,   48.168278,   -4.319287

228133000,   10.5,   1443655777,   882237,   48.10644,   -4.7285433
228133000,   10.5,   1443655788,   882236,   48.10644,   -4.7294116

228133000,   10.1,   1443655799,   882236,   48.106438,   -4.7300315
228133000,   10.4,   1443655807,   882236,   48.106426,   -4.73075

228037600,   9.3,   1443655780,   862320,   48.1687,   -4.319615
228037600,   9.3,   1443655820,   862320,   48.17029,   -4.320542

228133000,   10.5,   1443655818,   882236,   48.10645,   -4.731475
228133000,   10.6,   1443655829,   882236,   48.10644,   -4.732275

228133000,   10.7,   1443655837,   882236,   48.106434,   -4.7328734
228133000,   10.5,   1443655848,   882236,   48.10647,   -4.7336783

228037600,   9.4,   1443655829,   862320,   48.170647,   -4.3207617
228037600,   9.3,   1443655860,   862320,   48.17193,   -4.321387

228133000,   10.3,   1443655859,   882236,   48.106445,   -4.7343884
228133000,   10.4,   1443655867,   882235,   48.10644,   -4.7350984

228133000,   10.5,   1443655878,   882235,   48.10643,   -4.7358165
228133000,   10.8,   1443655889,   882235,   48.106457,   -4.73663

228133000,   10.6,   1443655898,   882235,   48.10648,   -4.7372932
228133000,   10.6,   1443655908,   882235,   48.106495,   -4.738022

228133000,   10.3,   1443655918,   882235,   48.106487,   -4.73873
228133000,   10.3,   1443655927,   882235,   48.106472,   -4.7394333

228133000,   10.4,   1443655938,   882234,   48.106476,   -4.7401485
228133000,   10.6,   1443655949,   882234,   48.106453,   -4.740947

228133000,   10.5,   1443655958,   882234,   48.106445,   -4.741677
228133000,   10.3,   1443655967,   882234,   48.106415,   -4.7423134

228133000,   10.5,   1443655978,   882234,   48.106434,   -4.7430367
228133000,   10.2,   1443655988,   882234,   48.10644,   -4.743745

228133000,   10.2,   1443655998,   882234,   48.106403,   -4.7444468
228133000,   10.4,   1443656009,   882234,   48.10638,   -4.745237

228037700,   6.8,   1443656011,   853978,   48.196415,   -4.388292
228037700,   6.1,   1443656021,   853978,   48.196667,   -4.3884735

228133000,   10.4,   1443656018,   882233,   48.106354,   -4.745965
228133000,   10.3,   1443656027,   882233,   48.10633,   -4.746605

228133000,   10.3,   1443656038,   882233,   48.10632,   -4.7473183
228133000,   10.4,   1443656048,   882233,   48.106304,   -4.7480383

228133000,   10.5,   1443656058,   882233,   48.106293,   -4.748765
228133000,   10.5,   1443656069,   882233,   48.10625,   -4.7495565

228037700,   5.3,   1443656030,   853978,   48.196865,   -4.3886285
228037700,   4.8,   1443656041,   853978,   48.19712,   -4.388788
228037700,   5.0,   1443656051,   853978,   48.19731,   -4.3889084
228037700,   5.0,   1443656061,   853977,   48.19748,   -4.38915
228037700,   5.1,   1443656071,   853977,   48.197533,   -4.38947

228133000,   10.3,   1443656087,   882232,   48.10622,   -4.7509165
228133000,   10.2,   1443656099,   882232,   48.106194,   -4.751615

228037700,   5.0,   1443656081,   853977,   48.19744,   -4.38977
228037700,   5.2,   1443656102,   853977,   48.197044,   -4.390177

228133000,   10.4,   1443656108,   882232,   48.106155,   -4.7523317
228133000,   10.6,   1443656119,   882232,   48.106144,   -4.753063

228133000,   10.4,   1443656129,   882232,   48.106155,   -4.7538586
228133000,   10.3,   1443656139,   882232,   48.106133,   -4.754565

228133000,   10.4,   1443656148,   882232,   48.106113,   -4.7552133
228133000,   10.6,   1443656158,   882232,   48.106106,   -4.75595

228133000,   10.5,   1443656168,   882231,   48.106117,   -4.7566686
228133000,   10.5,   1443656178,   882231,   48.106094,   -4.75739

228133000,   10.4,   1443656188,   882231,   48.10607,   -4.758108
228133000,   10.1,   1443656198,   882231,   48.106045,   -4.758878

228133000,   10.3,   1443656208,   882231,   48.10603,   -4.7595167
228133000,   10.2,   1443656218,   882231,   48.106007,   -4.760225

228133000,   10.3,   1443656228,   882231,   48.10598,   -4.7609315
228133000,   10.5,   1443656238,   882230,   48.105927,   -4.7616568

228037700,   4.4,   1443656201,   853977,   48.19562,   -4.391617
228037700,   4.2,   1443656210,   853977,   48.195587,   -4.3918734
228037700,   4.2,   1443656222,   853977,   48.19574,   -4.3921366
228037700,   4.7,   1443656231,   853977,   48.1959,   -4.39229
228037700,   5.3,   1443656242,   853977,   48.196083,   -4.3925767

228133000,   10.6,   1443656248,   882230,   48.105892,   -4.76239
228133000,   10.4,   1443656258,   882230,   48.105846,   -4.7631083

228037700,   5.5,   1443656251,   853977,   48.1961,   -4.392902
228037700,   5.7,   1443656261,   853977,   48.19596,   -4.393215

228133000,   10.1,   1443656268,   882230,   48.10577,   -4.7638016
228133000,   10.2,   1443656277,   882230,   48.10573,   -4.7645016

228037600,   9.0,   1443656220,   857323,   48.185146,   -4.317187
228037600,   9.1,   1443656280,   857323,   48.18746,   -4.318665

228133000,   10.3,   1443656288,   882230,   48.10565,   -4.7652035
228133000,   10.3,   1443656298,   882230,   48.105534,   -4.7658916

228133000,   10.1,   1443656308,   882230,   48.105434,   -4.766568
228133000,   10.4,   1443656318,   882229,   48.105335,   -4.767277

228037600,   9.1,   1443656299,   857322,   48.188107,   -4.3193684
228037600,   9.1,   1443656320,   857322,   48.188602,   -4.320465

228133000,   10.7,   1443656328,   882229,   48.105247,   -4.768008
228133000,   10.6,   1443656338,   882229,   48.105156,   -4.768725

228133000,   10.4,   1443656348,   883895,   48.105053,   -4.7694235
228133000,   10.4,   1443656358,   883895,   48.10496,   -4.770127

228037600,   9.2,   1443656348,   855656,   48.1894,   -4.321855
228037600,   9.1,   1443656359,   855656,   48.189667,   -4.3223467

228133000,   10.2,   1443656368,   883895,   48.104874,   -4.7708135
228133000,   10.5,   1443656378,   883895,   48.104794,   -4.77153

228037600,   9.1,   1443656369,   855656,   48.18994,   -4.3228216
228037600,   9.2,   1443656390,   855656,   48.19053,   -4.3238335

228133000,   10.5,   1443656388,   883895,   48.104694,   -4.77224
228133000,   10.2,   1443656397,   883894,   48.10461,   -4.77293

228037600,   9.2,   1443656399,   855655,   48.19079,   -4.324335
228037600,   9.2,   1443656409,   855655,   48.191025,   -4.324785

228133000,   10.4,   1443656408,   883894,   48.104507,   -4.773627
228133000,   10.5,   1443656417,   883894,   48.10444,   -4.7743416

228037600,   9.2,   1443656418,   855655,   48.19129,   -4.32528
228037600,   9.1,   1443656439,   855655,   48.19182,   -4.326268

228133000,   10.5,   1443656438,   883894,   48.10424,   -4.7757635
228133000,   10.4,   1443656448,   883894,   48.104164,   -4.7764683

228037700,   4.4,   1443656432,   853978,   48.19565,   -4.388685
228037700,   4.3,   1443656440,   853978,   48.1958,   -4.3888016
228037700,   6.4,   1443656451,   853977,   48.196,   -4.389108

228133000,   10.7,   1443656458,   883894,   48.104084,   -4.7772
228133000,   10.7,   1443656468,   883893,   48.103973,   -4.7779183

228037600,   9.1,   1443656449,   855655,   48.192104,   -4.326723
228037600,   9.0,   1443656469,   855655,   48.19272,   -4.327565

228037700,   6.6,   1443656471,   853977,   48.19639,   -4.389828
228037700,   6.2,   1443656480,   853977,   48.196495,   -4.390225

228133000,   10.7,   1443656477,   883893,   48.103893,   -4.7786417
228133000,   10.5,   1443656488,   883893,   48.10381,   -4.7793565

228037700,   6.2,   1443656492,   853977,   48.19655,   -4.3906765
228037700,   5.8,   1443656500,   853977,   48.196495,   -4.391025

228133000,   10.5,   1443656498,   883893,   48.10372,   -4.780065
228133000,   10.6,   1443656508,   883893,   48.10362,   -4.7807865

228037700,   5.4,   1443656511,   853977,   48.196274,   -4.3912835
228037700,   5.5,   1443656521,   853977,   48.196064,   -4.391395

228133000,   10.4,   1443656518,   883893,   48.10351,   -4.7814817
228133000,   10.4,   1443656529,   883893,   48.10344,   -4.782262

228037700,   5.7,   1443656530,   853977,   48.19582,   -4.39151
228037700,   5.8,   1443656540,   853977,   48.195564,   -4.391587

228133000,   10.3,   1443656537,   883893,   48.103363,   -4.782902
228133000,   10.6,   1443656548,   883892,   48.103264,   -4.7836165

228133000,   10.7,   1443656559,   883892,   48.103165,   -4.7843385
228133000,   10.3,   1443656568,   883892,   48.103077,   -4.785042

228133000,   10.3,   1443656578,   883892,   48.10298,   -4.785733
228133000,   10.6,   1443656588,   883892,   48.1029,   -4.786535

228133000,   10.5,   1443656597,   883892,   48.10284,   -4.7871785
228133000,   10.6,   1443656608,   883892,   48.102745,   -4.7878933

228133000,   10.5,   1443656619,   883891,   48.10264,   -4.788605
228133000,   10.5,   1443656628,   883891,   48.102566,   -4.7893186

228133000,   10.3,   1443656638,   883891,   48.10251,   -4.790028
228133000,   10.1,   1443656648,   883891,   48.1024,   -4.790705

228133000,   10.5,   1443656658,   883891,   48.10232,   -4.7914233
228133000,   10.4,   1443656668,   883891,   48.10222,   -4.7921286

228133000,   10.5,   1443656678,   883891,   48.10214,   -4.792838
228133000,   10.5,   1443656688,   883891,   48.102047,   -4.7935467

228133000,   10.5,   1443656698,   883890,   48.101967,   -4.79426
228133000,   10.4,   1443656708,   883890,   48.10188,   -4.7949667

228133000,   10.6,   1443656717,   883890,   48.101772,   -4.795675
228133000,   10.8,   1443656728,   883890,   48.101692,   -4.796418

228133000,   10.6,   1443656738,   883890,   48.101612,   -4.797137
228133000,   10.6,   1443656748,   883890,   48.101532,   -4.797855

228133000,   10.5,   1443656758,   883890,   48.101425,   -4.7985616
228133000,   10.7,   1443656769,   883890,   48.101364,   -4.7992935

228133000,   10.5,   1443656779,   883889,   48.101315,   -4.800093
228133000,   10.5,   1443656788,   883889,   48.10126,   -4.80074

228133000,   10.4,   1443656808,   883889,   48.10112,   -4.80217
228133000,   10.7,   1443656819,   883889,   48.10108,   -4.802985

228133000,   10.5,   1443656829,   883889,   48.101006,   -4.8037033
228133000,   10.6,   1443656839,   883889,   48.10095,   -4.80443

228133000,   10.6,   1443656848,   883888,   48.100883,   -4.805082
228133000,   10.7,   1443656858,   883888,   48.100803,   -4.8058133

228133000,   10.4,   1443656868,   883888,   48.100735,   -4.80653
228133000,   10.4,   1443656879,   883888,   48.100693,   -4.80732

228133000,   10.4,   1443656889,   883888,   48.100605,   -4.8080215
228133000,   10.5,   1443656899,   883888,   48.10057,   -4.8087416

228133000,   10.5,   1443656908,   883888,   48.100574,   -4.8093915
228133000,   10.8,   1443656918,   883887,   48.10055,   -4.81014

228133000,   10.4,   1443656928,   883887,   48.10052,   -4.810857
228133000,   10.7,   1443656939,   883887,   48.10047,   -4.8116665

228133000,   10.6,   1443656950,   883887,   48.100433,   -4.812395
228133000,   10.7,   1443656959,   883887,   48.100388,   -4.81313

228133000,   11.0,   1443656968,   883887,   48.100372,   -4.8138084
228133000,   10.6,   1443656978,   883887,   48.10037,   -4.8145385

